<?xml version="1.0"?>
<opencv_storage>
<camera_matrix type_id="opencv-matrix">
  <rows>3</rows>
  <cols>3</cols>
  <dt>d</dt>
  <data>
    9.8948638892608164e+02 0. 5.3692709196928377e+02 0.
    9.9759446096644876e+02 3.5802775433731654e+02 0. 0. 1.</data></camera_matrix>
<dist_coeff type_id="opencv-matrix">
  <rows>1</rows>
  <cols>5</cols>
  <dt>d</dt>
  <data>
    3.3442331925237163e-02 -2.8301723936227874e-01
    -3.5262218045761400e-03 1.2975563749631443e-02
    9.6046237347149552e-02</data></dist_coeff>
</opencv_storage>
